[[-1.80391682e-02  1.37284847e-01 -2.21186191e-01  1.53343370e-01
  -1.42395715e-01 -2.66652329e-02 -4.29244420e-02  5.88553270e-02
  -1.59812435e-01  4.62172666e-02  2.02430962e-01 -1.36317400e-01]
 [ 1.89706168e-02 -6.61982178e-02  4.25887206e-02  1.91477774e-03
  -6.41486909e-02  4.87872285e-02  1.80434811e-01 -1.90903792e-02
   7.19757942e-02 -1.29327296e-01 -9.56436377e-02  4.72406278e-02]
 [ 1.48411603e-01  3.55613349e-02 -3.13058031e-02 -7.08594577e-05
  -1.25040773e-01  6.04515326e-02  8.82333062e-02 -4.52090333e-02
  -4.70042148e-02  2.65878230e-02 -4.36719736e-02 -6.61326146e-03]
 [ 2.09972179e-01 -2.47025701e-02 -3.58340152e-02 -6.47541806e-02
   7.44191971e-02 -1.81224173e-02 -6.49373038e-02  1.32130403e-01
   1.41960300e-01 -6.00423566e-02 -1.86653995e-01  1.00751369e-01]
 [-6.84629826e-02  7.90625599e-02 -1.97010382e-01  8.92597338e-02
  -1.21117193e-01  7.30764119e-02  1.42730678e-03 -9.53939419e-02
  -4.07036313e-02  6.86318457e-02  1.05894453e-02  5.84412980e-02]
 [ 1.97644058e-01 -1.56424161e-01  1.61721257e-01  1.04355938e-02
  -8.98784048e-02 -1.33031363e-01 -1.89120391e-02  9.21650112e-02
  -1.27549120e-02  1.51115493e-01 -1.45117569e-01 -1.20889478e-03]
 [-1.25239344e-01  3.63631883e-02  8.86887390e-02 -4.20761794e-02
  -2.60421386e-01  1.98948147e-02  4.36738552e-02  4.04294755e-02
   1.23578219e-01 -1.07105368e-01  6.80216105e-02  1.19250751e-01]
 [-1.77858758e-01  3.19651826e-02 -5.04179831e-02 -8.15226731e-03
   3.47676484e-02 -4.87228564e-02 -6.75708079e-02  3.41524175e-03
  -1.08724594e-01 -1.08582513e-01  6.79373283e-02 -1.14879404e-01]
 [ 6.66312501e-02  4.62591293e-02 -1.72580673e-01 -6.77564652e-02
   1.19410940e-01 -9.81165531e-02 -4.64404262e-02  4.62060893e-02
   7.83390509e-02 -2.51538886e-02 -5.97510195e-02  1.42236986e-01]
 [ 1.73889966e-01  9.78858051e-02  8.53181426e-03 -8.08265722e-02
  -8.30444407e-02  5.22514105e-02  4.18398221e-02  1.40159859e-01
   6.50450093e-02 -1.50308030e-01  1.05194762e-01 -9.98060627e-02]
 [-3.83971272e-02  2.50200206e-02  1.99566749e-01  3.10991856e-01
   6.06723059e-02 -1.83196619e-02  5.34505648e-02  8.87655426e-02
  -3.20667626e-02  1.79521136e-01  2.30070759e-02  4.97743089e-02]
 [ 6.65924252e-02  4.21586611e-02  8.38940500e-02 -6.17253187e-02
  -5.58301754e-02 -1.10015423e-01  4.39501231e-02  7.78936504e-02
   4.57772866e-02  1.67449243e-01 -5.59601883e-04  6.68741656e-02]
 [-1.09170088e-01 -3.87099702e-02  6.95537758e-02  8.49102111e-02
  -2.93966948e-02 -7.15992519e-03 -1.51787375e-01 -3.57029201e-02
   8.90383164e-02  5.75205016e-02  5.00665721e-02  4.97736872e-03]
 [ 7.06315863e-04 -6.60321139e-02  6.98828420e-02  4.20972944e-02
   4.92018848e-02 -5.26034843e-02 -2.15334292e-01  1.09715271e-01
  -4.78837456e-02 -8.62775764e-02  6.93478912e-02 -3.92012640e-02]
 [ 1.05993638e-01  6.17005950e-02  6.83569323e-02 -1.36595571e-01
   1.21194399e-01  2.61250531e-02 -3.69277139e-02  1.43388467e-02
  -1.77623523e-01  4.08652811e-02 -1.02937151e-01 -1.35267029e-01]
 [-1.52235919e-01  1.11268837e-01 -6.29263394e-02  1.53372771e-01
  -5.35801463e-02 -1.70735796e-01 -1.11652444e-01  1.23581162e-01
  -1.55898178e-02 -5.48287296e-02  1.60018226e-02  5.01782736e-02]] 
[[ 0.11173988  0.14484992 -0.03597686 -0.13260477 -0.04134652  0.02602805
  -0.09637589 -0.09571509  0.03437879 -0.00486524  0.0032797  -0.07584953]
 [-0.02304007 -0.09242331  0.08901984  0.10352493 -0.18461879 -0.09295109
  -0.14965293 -0.06500239 -0.0083438  -0.14496452 -0.09218598 -0.10039574]
 [ 0.02072673  0.00693443 -0.07217376  0.01768209 -0.05466801 -0.02716551
   0.16734521  0.13404611 -0.12995812  0.08297324  0.08113966 -0.11482633]
 [ 0.08187776  0.15379319 -0.11225448 -0.09175028  0.10176615  0.02714953
   0.05514763  0.03405892  0.03906959 -0.13264721  0.10473177  0.116959  ]
 [-0.02293907 -0.00434769 -0.15311075  0.05142548  0.05720574 -0.0062191
   0.11243534 -0.03340772  0.05646059 -0.10196643 -0.00235522 -0.01743543]
 [ 0.02253079 -0.03695269 -0.01314726  0.08260472 -0.04367642 -0.16065771
   0.17495839  0.13814541 -0.12922627  0.06897078 -0.05029748  0.02634872]
 [ 0.02942241 -0.02344078 -0.07837657 -0.06905411 -0.09161919 -0.08318222
  -0.00671783 -0.071576    0.06820521  0.14872462 -0.05800532  0.02394045]
 [ 0.04996851  0.04720023  0.00759553  0.07426824  0.0482249  -0.12376624
   0.08691561  0.08872908 -0.07632861  0.00379378  0.0683329  -0.02093138]
 [ 0.1072978   0.23638725 -0.0785986  -0.13810446  0.03038186  0.07215625
  -0.02308664  0.14532607 -0.13386058  0.06929186 -0.06058608  0.17193779]
 [ 0.19925154 -0.07666566 -0.05495571  0.08595879 -0.03871306 -0.00454112
   0.00253884 -0.19196732 -0.00138377 -0.06897278 -0.04931228  0.1443632 ]
 [-0.12565069  0.08132052 -0.02789629 -0.02797602  0.07903719  0.03400513
   0.0570613   0.09681847 -0.03313084 -0.06122367 -0.10851505 -0.08254105]
 [ 0.29490944  0.12446796 -0.13510744 -0.1322458   0.04818661  0.05472648
   0.05488838 -0.02549558 -0.01254543  0.03278795  0.0085893  -0.22193004]
 [-0.02297996 -0.08514064  0.01752114  0.2985259   0.03674817 -0.03135297
   0.09218015  0.04826879  0.04200945  0.06068506  0.20565436 -0.11308884]
 [ 0.04736321 -0.09263811  0.05555126 -0.09186865 -0.04173668 -0.02950899
   0.09758167  0.09184544 -0.12457174  0.00549341 -0.07095799 -0.12585049]
 [-0.02170171 -0.03084828  0.24267165  0.04329598 -0.13776175 -0.0564774
   0.10213833  0.20884428 -0.15859833 -0.18799244  0.18709652  0.03896142]
 [-0.08682927  0.05346291 -0.26357477  0.00033755  0.03278212  0.09242701
  -0.1013896   0.00856872 -0.09254246  0.02553838 -0.08953463 -0.04081008]] 
[[-0.09958154  0.06511362  0.08584511 -0.02346206  0.0038238  -0.14485914]
 [-0.02996766 -0.00502046  0.26207931 -0.1111967   0.14641772  0.09968588]
 [ 0.02806364  0.17586205  0.03721055  0.03891592 -0.00531207  0.12235689]
 [ 0.10964692 -0.06256773 -0.13192472 -0.02029806 -0.08000386 -0.00635246]
 [ 0.12374381 -0.04573017 -0.00428234  0.00580227  0.08484309 -0.22468893]
 [-0.06067003  0.02112837  0.1200079  -0.04919024 -0.18765527  0.06197114]
 [-0.06353624 -0.11896667 -0.06243454 -0.01845254 -0.06047447 -0.22055661]
 [ 0.08970662  0.1274875   0.0651522  -0.11376857 -0.02014915 -0.00065213]
 [ 0.05987944  0.06683405 -0.07341738  0.00819956  0.04572804  0.14558223]
 [ 0.07045065  0.07890567  0.00838266  0.14104591  0.04097628 -0.08610879]
 [ 0.140337    0.06979033 -0.0443044  -0.0479493   0.02965755  0.04631848]
 [ 0.01972923  0.03113087  0.16999574  0.10715432  0.01906356  0.09413106]
 [-0.10325239  0.0397927   0.18093063 -0.02180459 -0.08476339 -0.06520889]
 [-0.1089633  -0.07847619 -0.03705081 -0.1405567   0.00156183  0.09022772]
 [-0.09077562  0.15192839  0.05107921  0.10305806 -0.06578346  0.08545252]
 [-0.10919339  0.08902475  0.01718393  0.05532512 -0.11755946 -0.08950698]] 
[1. 1. 1. 1.] [1. 1. 0. 0.] [0. 1. 1. 1.] [1. 1. 1. 1.] 
